0
1
2
3 4 5
6
7 8
5
9
10 11 12 13
2 14 15 16 17 18 19 20
21 22 23 24
25
0
26 27 28
29 30 31 32
33
5
34
35 36 37
20
38 39 40 41
42 43
44 15 45
46 47
48
49 50 51 52 53 54 55 56
28 57 28 57 28 57 28 57 28 57
58 17
59
60 61 62
10
26 27
63 64
5
65 66 55
67
6 68
69 30 31
70
71 72 73 74 75 76 77 78 79 80 81 82 59
63 83
5
84 85 47 86 28 87
21 88 89 5
2 14 15 16 17 18 19 20 87
90
29 91 43
92 93 94 95 96 97 87
98 99 100 98 99 100 98 99 100
66 55 101 102 103 97
104 105
63 106
107 108 109
71 110 111 112 113
28 114
69 30 31
115
115
67
116
115
65 66 55
117
115
90
28 3 4
115
118 34 119
115
115
115
115
90
120 121 5
115
122 122 122 122 122 122 122 122 122 122 122 122 122 122
115
123 124 125
84 85 47 86 28 87 84 85 47 86 28 87
126 28 109 127 5
115
128
115
115
115
115 26 129
69 130
115 33
90
128
115
115
115
115 9
128
115 33
115
131
115
115 9
132 133 105 132 133 105 132 133 105 132 133 105
115
128
115
59 2 134
115
115
4
115
71 135 74 136 32 137 107
138 121 5
115
71 72 73 74 75 76 77 78 79 80 81 82 59
5
139 140 141
115
115
142 142
109 143
109 144
115 9
115
115
115
145 58
115
115
115
146 147 9
148
149 29
28 150 108 151 152 153 154
115 9
29 43 101 29 91 134
155 156
157 139 109
126
115
109 158 159 26 108 160 161
115 33
29 91
10
115 33
29 91 135
162 29
115
163 164 165
166 167 43
29 150 31 168
101 29 91 169 130
131
71 29 91
71 72 73 74 75 76 77 78 79 80 81 82 59
170 138 171 87
115 28 139 172 173 174
33
115 5
175
115 33
176 91 42 177 10 69 130 178 71
179 180
90
181 176 15 36 182 183 184 185 95 186 187
170
188 28 105
189 190 191
5
29 91 2 192
193 194 195 43
196
29 91 197
29 162
30 31 198 199
200 201 202 203 204
33
29 91 21 43
29 91
33
188 28 105 188 28 105 188 28 105 188 28 105 188 28 105 188 28 105 188 28 105 188 28 105
29 91
90 107 205 206
71 29 207 208 209
10
29 91 169 130
138 121 5
193 210 211
212
139 109 28
15 71 166 167 10
29 162
5 5
210 211 81
213 214
71 72 73 74 75 76 77 78 79 80 81 82 59
5
71 28 215 139 216
71 29 91 2 178
188 28 5
29 91
109 143 28 5
29 91 217
134
218 219 111 81
91 43 89
213
206 167 220 2 221 222
29 91 21 223
224 105
225
29 91
70 126 11 206 118
226 227 226 227 5 226 227 226 227 5 226 227 226 227 5
228 183 33
188 28 105 188 28 105 188 28 105 188 28 105 188 28 105 188 28 105 188 28 105 188 28 105
29 91 91 209 229
210 31 230
231
29 91
162 29 162 29 162 29
126 232 233 210
234 234 177 234 234 234 234 235 234 180 234
236 237
84 85 47 86 28 87
29 91 21 69 43
238 40 239 240
213 194 210
91
241 242 243 28
194 210
244 245 163 28
29 91
29 30 31 32 246 208 114 218 247 87
29 91
91 43 89
29 91 87 29 91 87
213 5
193 223 209
71 72 73 74 75 76 77 78 79 80 81 82 59
71 135 74 136 32 137 107
33 248
249 250
71 210 211 5
2 31 251 252 253
242 6 81 87
201 254 180 255 256
33
122 257 258 122 257 258 122 257 258 122 257 258 122 257 258 122 257 258 122 257 258 122 257 258 122
123 124 125
259 260
65
261 5
10
91 43 192 10
71 29 43 29 91
15 262 68 20
236 263 264 265 266 30 267 71
268 29 43 101 29 91 71
33 5
33 210 198 269 33
71 72 73 74 75 76 77 78 79 80 81 82 59
244 245
29 91 169 130
33
270 271 272 273 274 10
29 30 31 272 275
234 234 177 234 234 234 234 235 234 180 234
276 11 277 278 279 280 234
91 281 43 80 282
283
206 117 248 284 50 10
285 5
286 67
67
95 287
261 81 234
91 43 288
289
30 31 9
285
290
5
71 72 73 74 75 76 77 78 79 80 81 82 59
260
5
291 292 293
294 295 236 296
286 67
297 130 2 298
67 5
299 205
196
67
300 201 202 301 204
302
71 303 35
302 226
234 234 177 234 234 234 234 235 234 180 234
247 304
70 277 305 242 31 306 307 213 306
29 91 21 308 43
28 139 309 310 16 311 312
313 149 2 58 71
149 139 109
168
69 162
168
314 9
71 132 315
67 67
55 285 316 168
5
317 318 78 319 320
5 107 321 108 322 5
193
273 26 323 264 180
269 168
268 29 43 101 29 91 71
302 285 302 204 168
9
9
71 135 74 136 32 137 107
324 325
326
5
327 328 256
314 5
329 330 205 331 86 332 5
333
334
335
10
335
336 9
335
162
55 285 337 316 168
100
100
338 339
340
341 342
343 344 5
334 345
255 346
295
132 347
348 345 349 350 351
352 343 353 354
162
71 355 29 91 209 223
100
100
356
144 162
357 205
162
358
100
359 29 100
359 100
100
295 283
360 100
361 362 5
333
71 72 73 74 75 76 77 78 79 80 81 82 59
363 364 365
325 349 350 351 255
366 367 142 100
132
9 368
369 100
356
226 370
100
142 142 142 142 142 142 142
29 100
5
100
100
100
100
371
98 99
100 98 99
9
372 373 135 364 374 261 234
260
71 72 73 74 75 76 77 78 79 80 81 82 59 71 72 73 74 75 76 77 78 79 80 81 82 59
144 304
100
375 211
376 100
99 100
5 377 378
379 100 379
359 380 334 381
382 383
5
100 99
384 9 385 9
29 100
100 386 387 387 388 389 100 386 387 387 388 389 100 386 387 387 388 389
359 390 391
392
95 292 393
168
98 99
168
359 394 100
255
395 271 396
325 397
100 302 398 377 100
71 72 73 74 75 76 77 78 79 80 81 82 59
370 55 285 100
399 313 285
400
74 401 402
403 404
192 344 91 405
400
5
55 56 168
5
5
406 242 407 370 55
134
5
299 321 105
408 5
95 292 255
5
409 410 411 412 413 180 327 327 32 414
5
362 415 416 415 416 415 416 415 416 415 416 415 416 415 416 415 416 415 416 415 416 415 334
377 285 5
5
5
417 5
71 388 107 418 419 419 420 421 422 423 424 68 425 180 426 427 107 428 429
430 293
377 431
285 432
433 434
108 134
435
436 242 285 437
168
438
377 439 5
440 325 441 442 443 17 444 445 446
11 447 364 60
168
71 72 73 74 75 76 77 78 79 80 81 82 59 71 72 73 74 75 76 77 78 79 80 81 82 59
448 449 450 451
71 221 313 149 97 96 126 313 149 226 452 453
168
168
409 410 411 412 413 180 327 327 32 414 5
362 454 455 456 211 457 5
430
168
458 459
168
362 415 416 415 416 415 416 415 416 415 334
168
460
461
346 462
168
168
168
258
168
71 72 73 74 75 76 77 78 79 80 81 82 59
292 463 162
168
436 242 285
258 234
409 410 411 412 413 180 327 327 32 414 170
285 5
258 5
205 464 285 465
71 135 74 136 32 137 107
258 5
362 415 334 5
285 5
71 72 73 74 75 76 77 78 79 80 81 82 59 71 72 73 74 75 76 77 78 79 80 81 82 59
461
71 72 73 74 75 76 77 78 79 80 81 82 59 71 72 73 74 75 76 77 78 79 80 81 82 59
335
285 5
49 432
5
0
32 466 467 458 398
468 469 415 334 470 471
335
35 472 473 134
205 464 285 465
53 474 475 5
335
168 476 4 168
477
335
335
335 57
335
335
335
335
335
65
335
478
335
335
162
335
10
335
479
168 476 4 168
362 480
481
482
478
483
392
335
335
335
71 72 73 74 75 76 77 78 79 80 81 82 59
205 464 285 465
335
484 5
485
381
122 486 122 122 487 122
123 124 125
5
488 489 325 349 350 490 5
491 492 74 493
482 5
5
494 494
362 415 416 415 416 415 416 415 416 415 416 415 416 415 416 415 416 415 416 415 416 415 334
495
335
335 304
482
392
5
162
496
497
5
212
335
482
304
392
498 499 500
335 57 335 57 335 57 335 57
205 464 285 465
335
71 72 73 74 75 76 77 78 79 80 81 82 59 71 72 73 74 75 76 77 78 79 80 81 82 59
501 335
484 335
335
357
494 494
335
415
357
335
502
149 167 503
504
362 415 416 415 416 415 416 415 416 415 416 415 416 415 416 415 505 415 416 415 416 415 416 415 416 415 416 415 416 415 334
205 464 285 465
6 81
506
507 490 57
508 509 510
511 335 511 335 511 335 511 335 511 335 511 335 511 335 511 335 511 335 511 335
59 335
162
498 499 500
286 286
335 327
5
357
335
512
335
513 115
335
60 105
335
267
512
362 415 416 415 416 415 416 415 416 415 416 415 416 415 416 415 334
335
497
514 515
335 57
255
516 344
511 335 511 335 511 335 511 335 511 335
517 335
484 518
519 335
459
520 521 520 521 520 521 520 521 255
335 335 335
519 484
267 522 459
357 71 72 73 74 75 76 77 78 79 80 81 82 59
461
459
55 56
523
513 35 524 525 526 457 527
71 362 415 416 415 416 415 416 415 416 415 416 415 334
459
139
285 134
528
409 410 411 412 413 180 327 327 32 414
511 335 511 335 511 335 511 335 511 335 511 335 511 335 511 335 511 335
11 30 529
362 530 531 66 532 533 325
534 535 335
459
497
91 43 229 87
285 381
71 72 73 74 75 76 77 78 79 80 81 82 59 71 72 73 74 75 76 77 78 79 80 81 82 59
285 432 168
11 278 529
362 536 537
327 291 292
267 538 292 285
362 539 162 362 539 162 362 539 162 362 539 162 362 539 162 362 539 162 362 539 162
285
168 430
168
494 494
540 541
542 543
362 536 537 536 537 362
71 72 73 74 75 76 77 78 79 80 81 82 59 71 72 73 74 75 76 77 78 79 80 81 82 59
162 29 162 29 162 29 162 29 162 29
57
392
544 430 105
335
362 536 537 536 537 536 537 362
362 539 461
545 539 162 362 539 162 362 539 162 362 539 162 362 539 162 362 539 162 362 539 162
546 547
5
548 285
362 539 162 362 539 162 362 539 162 362 539 162 362 539 162 362 539 162
5
71 72 73 74 75 76 77 78 79 80 81 82 59 71 72 73 74 75 76 77 78 79 80 81 82 59
362 536 537
65 549 550
5 5
551 285 552
514 515
230 553 5
554 362 230 553 26 555 556
5
362 557 558 517
5
196
559
560 362
561 562 201 202 563 204
564 565 168
443
67
49
378 457 566 567
431 362 415
71 72 73 74 75 76 77 78 79 80 81 82 59
377 568 255
569
570 362
571 571 571 571 572
466
573 574 100
466 575 576
11 577 578 579 580 581
438
30 582 378 583 584 74 585 71
586 441 442 443 17 444 445 446
0
105 587 588
589
590 591
71 72 73 74 75 76 77 78 79 80 81 82 59 71 72 73 74 75 76 77 78 79 80 81 82 59
255
100
592
362 593 26 594 595 595
381
596
584 597
255 598
196
599 139 168
600 529
601 602 15
603 201 202 563 204
142
108 604
605 463
71 72 73 74 75 76 77 78 79 80 81 82 59 71 72 73 74 75 76 77 78 79 80 81 82 59
606 607 608 268 609 610 365 611
612 255
613 614 256
196
615 616 201 202 563 204
617 618
267 619 620 621
622
168 256
168
335 59 335 71
30 278
100
623 624 325
362 381
71 72 73 74 75 76 77 78 79 80 81 82 59 71 72 73 74 75 76 77 78 79 80 81 82 59
321 625 168
378 626 291 292 457
627
628 629 75 5
446
126 578 630 617 631
9
10
529
632 572
71 72 73 74 75 76 77 78 79 80 81 82 59 71 72 73 74 75 76 77 78 79 80 81 82 59
633 634 635
636 571 485
334 459 168
5 637 285
638
29 463 639
640
5
327 430 9
641 199 5
430
409 632 392
362 637 285 50
115
642 643 168
259 260
377 285 5
118 11 644 645 398 646 273 108 647
71 72 73 74 75 76 77 78 79 80 81 82 59 71 72 73 74 75 76 77 78 79 80 81 82 59
648 5
38 254
637 108 649 650 651 652 17 183
163 653
654 50 655
57
392
656 55 436
362 657 658 274 5
392
392
659 313 520 660
71 95 334 459 337 583
392
649 400
377 285
10
661 662 19 430 134
285 5
10
11 284
71 72 73 74 75 76 77 78 79 80 81 82 59 71 72 73 74 75 76 77 78 79 80 81 82 59
579 663 664 664
392
168
168
334 334 665 459 666 667 668
485
669 485
377 462 5
392
377 462
670
69 463 639
671 672 5
673 596
115 333
674 462
577 378 285 15 10
71 72 73 74 75 76 77 78 79 80 81 82 59 71 72 73 74 75 76 77 78 79 80 81 82 59
670
675 676 20 26 464 423
677 59
30 678
679 50 680 592 538
71 72 73 74 75 76 77 78 79 80 81 82 59 71 72 73 74 75 76 77 78 79 80 81 82 59
459 273 5
681 285
108 682 180
683 321 684 105
71 602 80 685
686
687
10
57 285
688 459 559
659 689 422 690 422 691
10
294 5
559
171 459 5
692 43 168
392
529 693 467
422 55 694 9
695
71 72 73 74 75 76 77 78 79 80 81 82 59 71 72 73 74 75 76 77 78 79 80 81 82 59
5
234
696 71 72 73 74 75 76 77 78 79 80 81 82 59
636 461
392
5
81
697 698
81 5
81
149 699
81 5
234
392
81
559
81 5
81
81
81
700 111 686 5
81 5
81
81 701
686
702 661 101 50
703
81 5
81 5
81
575 704 142
81
670
81
705 81
81
697 698
81
706
81
81 5
5
81 5
81
81
707
108 26 708 60
81
71 72 73 74 75 76 77 78 79 80 81 82 59 71 72 73 74 75 76 77 78 79 80 81 82 59
5
709 710 711 20 5
81
81 5
712 697 698
5
713 392
679 422 691 11 208 690 313 607
81
714 81 715 9
81
81 5
5
695 666
478
168
81 5
168
208 715
163 716
81 715 105
717
81 5
696 71 72 73 74 75 76 77 78 79 80 81 82 59
10 417
5
718
2 177 271
5
5 199
719 81
81 5
716 370 55
196
720
71 72 73 74 75 76 77 78 79 80 81 82 59 71 72 73 74 75 76 77 78 79 80 81 82 59
174 31 721 697 698 670
60 722 333
723 201 202 724 204
90 725 81 2 177 271 715 9
544 607
81 715 5
417 667 715 5
726 641 5
717 697 698
71 520 727 728 729
636 730 5
669 346 5
731
732 285 733
5
71 72 73 74 75 76 77 78 79 80 81 82 59 71 72 73 74 75 76 77 78 79 80 81 82 59
417 324 734 134
5
696 71 72 73 74 75 76 77 78 79 80 81 82 59
285 5
669
589
364 735 736
328
362 539 162 362 539 162 362 539 162 362 539 162 362 539 162
171
736
669 346 5
692
5 656 5
737 432
607 738 726 452 201 739 740 364 211 741 269 742 211 743 662 430
285
163 744 108
726 641 134
328
529
745 10
5 656 5 5 656 5
746 747
362 539 162 362 539 162 362 539 162 362 539 162 362 539 162
162
171 5
71 328 669
362 539 162 362 539 162 362 539 162 362 539 162
461
748 696 71 72 73 74 75 76 77 78 79 80 81 82 59 748 696 71 72 73 74 75 76 77 78 79 80 81 82 59
577 737 749
750 751 168 750 751 168 750 751 168 750 751 168 750 751 168 750 751 168 750 751 168 750 751 168
692 273
162
90
71 752 753 544 285 754 177
378
755 392
432 649 756 744
757 5
71 135 305 758 510 759 760 2 761 649 364 554 715 221 291 292 457
115
30 428
71 208 302 762 715 273 0
71 74 763 230 764
670
196
765 201 202 766 204
438
767 100 100 100 100
768 769 441 442 443 17 444 445 446
696 71 72 73 74 75 76 77 78 79 80 81 82 59
670
770 771
772
773 670
670
162
670
533 325 533 325
670
696 71 72 73 74 75 76 77 78 79 80 81 82 59
444 30 774 775 431 776 777 108 444 778
162
773 779 670
162 29 162 29 162 29 162 29
162 780
461
781 782 783 670
784 785 786 787 788 789
162
790 791 792 793 794 791 795 796 797 798
438
670
71 126 799 800 801 802 803 302 804 26 205 805 806 625 20 294 807 577 37 321 743 808 807 249 20
63 396
162 809 809 809 809 809 162
162
162
362 539 162 362 539 162 362 539 162 362 539 162 362 539 162
696 71 72 73 74 75 76 77 78 79 80 81 82 59
29 162
71 752 753 544 285 754 177
5 810 811 812
170
108 40
162 809 809 809
636 813 242 814
670
162
696 71 72 73 74 75 76 77 78 79 80 81 82 59
5
809 809 162
29 162 29 162 29 162 29 162 29 162 29 162 29 162 29 162 29 162
670
815 5
40 41
579 5
815 5
816 817 818 162 816 817
670
819
809 809 162
196
815 5
579 5
820 5
821 201 202 766 204
162
494 494
87 302 32 822 87
328 589 823 669 809 809
824
825
141
572
142
59 128 572
648 826
162
26 686 827 828
494 829
825
825 5
141
572
830
831 829
392
832
572
572
833
304
834 215
835 833 168
134 30 836
277 278
494 829
825
71 752 753 544 285 754
26 601 837 59 295
377 285
530 686 838
572
572 571
5
726 641 5
648 839 230 364 840 648
494 494
841 258 842
843 10 686
304
830 57
135 844 845
431
841 449 5
87 302 32 822 87 87 302 32 822 87
494 494
168
168
664
681
304
572 572
5
494 494
748 696 71 72 73 74 75 76 77 78 79 80 81 82 59
846
846 105
305 258 572
847 848 20 75
305 258 174 5
305 664
696 71 72 73 74 75 76 77 78 79 80 81 82 59
71 126 799 800 801 802 803 302 804 26 205 805 806 625 20
10
849 849 849
696 71 72 73 74 75 76 77 78 79 80 81 82 59
305 258
305 258 392
850
850 850 509 850 850 851 850 852 850
853 854 855 485
636 824
849
696 71 72 73 74 75 76 77 78 79 80 81 82 59
856 149 168
494 494 857 33
696 71 72 73 74 75 76 77 78 79 80 81 82 59
858 189 5
11 859 138 429 5
364 857
168
748 696 71 72 73 74 75 76 77 78 79 80 81 82 59
748 696 71 72 73 74 75 76 77 78 79 80 81 82 59
57
392
392
354
748 696 71 72 73 74 75 76 77 78 79 80 81 82 59
636 601 860 678 5
354
813 236 321 146 861
847 862 863 864 344
686 5
168
617 304 865 617 304 865 617 304 865 617 304 865 617 304 865 617 304 865 617 304 865 617 304 865 617 304 865 617 304 865
57 554 362 258 57
328 866 162
377 462
867
635
868 869
870
617 304 865 617 304 865 617 304 865 617 304 865 617 304 865 617 304 865 617 304 865 617 304 865
168
168
669 871 9
267
10
5
5
494 494
617 304 865 617 304 865 617 304 865 617 304 865 617 304 865 617 304 865 617 304 865 617 304 865 617 304 865 617 304 865
10
461
5
700 335
872
813
5
873 5
168
874 162 822 162 736 162 602 874 162 822 162 736 162 602 874 162 822 162 736 162 602
875
5
868 876
255
10
5
877 21
55 32 822 239
813
873
878
242
879
10
5
813
5
5
5 5 5
392 392
10
880
10
5
5
881
5
10
5 5 5
536
255
5
882 882 882 882 882 882 882
813
5
255
10
5
375
883
10
5
551 536 5
5
255
5 400
884 885
9
5
622
10
880
5
5
886
887
5
10
888
882 882 882 882 882 882
5
255
10
880
813
255
260
400 333
10
255
889 258
0
5
59
5
890
87
10
5
10
10
5
10
813 422
63 400
622
5
10 400
224
255
168
891
5
283
327 892 10
10
10
617 304 865 617 304 865 617 304 865 617 304 865 617 304 865 617 304 865 617 304 865 617 304 865 617 304 865 617 304 865
893
5
66 226 894
10
5 400
813
100 379
95 895
5
813
255 5
255
813
896 327 55 32 822 463
813 897
313 226 5
255
255
898 669 581
899 692 5
255
810 900
331
5
485
74 692
6 81 75 901 255
5
902 313 226 903 5
904
41 40 55 32 822
5
860 905 744 800 5
813
274
5
906
885 884 885
400 5
907 907 907 907 907
908 572
5
909
910
98 99 100 98 99 100
269 285 211 2 400
813 11 911
63 75 901 255
576
256 256 256 256 256 256 256 256 256 256 256 256 256 256 256
622
81 912
377 195 9
913 914 915 916
186 10
432 422 917
59 255
248
576
196
918 918 918
648 163 669
919
2 221 920
921 922 36 527 10 923 185 924
687
925 201 202 926 204
927 59
5
897 5
362 415 928 5 362 415 928 5 362 415 928 5 362 415 928 5 362 415 928 5 362 415 928 5
51
10
929 462 930 39 931
824
518
932
905 888 905 888 905 888 905 888
933 95 934 72 174 542
10
81 255
132 98 935 936 370 55 100
906 937
260 5
64
938 939 938 940 2 938 5
321 941 942 579 5
943 944 21 2 432 872
850
850 850 509 850 850 851 850 852 850
381 106 945
65 236 946 947 901 65
948 32
255 689 905
74 493 255
59 32 392
71 26 422 20
949
45 249 5
20 950 228
29 162 29 162 29 162 29 162 29 162 29 162 29 162 29 162 29 162
951 63 2 952
196
135 30 953 363
269 285 211 204 0
954 201 202 926 204
362 955 162 362 955 162 362 955 162 362 955 162 362 955 162 362 955 162 362 955 162
162
906 576
538 744 60 134
5
45 249 9
255
36 419 956
432
196
344 957 958 236 885
959 201 202 926 204
74 960 493
362 955 162 362 955 162 362 955 162 362 955 162 362 955 162 362 955 162
961 195
962 520 963 964 965 211 10
131
304
5
542 966 967
927 927 927 927
813 5
726 743
637 968 118
5
438
925 441 442 443 17 444 445 446
213
215
969
11
970 2
840 671
65
2
422 971 969
5
377 972 5
115
973 186 118 5
162 974 539
637
10 415 205
975 824
285
422 976
977 978 979
65
